[725, 746, 747, 509, 508, 507, 661, 577, 575, 576, 802, 945, 944, 1008, 1448, 1447, 1421, 813, 368, 369, 1584, 814, 477, 1389, 1390, 1168, 1167, 1166, 1162, 1163, 1154, 1151, 1150, 103, 64, 558, 557, 127, 119, 1560, 193, 694, 695, 696, 1057, 1056]
[291, 290, 289, 1677, 1716, 720, 721, 722, 1717, 1024, 1025, 1026, 748, 661, 507, 660, 96, 159, 260, 1078, 979, 982, 981, 903, 1362]
[39, 38, 41, 100, 165, 164, 854, 1283, 1100, 1101, 1555, 1024, 1023, 1102, 1103, 1104, 721, 1105, 1106, 1494, 1495, 1228, 1093]
[445, 69, 139, 267, 268, 706, 444, 435, 434, 1, 2, 3, 25, 23, 288, 719, 720, 1716, 1105]
[794, 578, 506, 259, 158, 97, 507, 508, 509, 510, 746, 1709, 1482]
[229, 400, 399, 243, 242, 241, 396, 395, 1692, 1338, 1341]
[301, 302, 303, 7, 21, 20, 19, 76, 18, 17, 10, 9, 11, 31, 32, 60, 59, 366, 365, 1448, 1447, 1421, 813, 368, 1534, 1584, 814, 477, 1389, 1390, 1394, 1407, 1521, 1515, 1164, 1153, 640, 639, 549, 548, 638, 637, 636, 463, 462, 1223, 1222]
[276, 365, 1448, 1447, 1421, 1442, 808, 777, 1388, 1396, 1397]
[701, 700, 728, 729, 1253, 1254, 1197, 1198, 1191, 1350, 655, 80, 81, 82, 94, 95, 160, 261, 1066, 906, 905, 904, 903, 902, 901, 983, 984, 1444, 668, 795, 787, 1385, 207, 809, 1386, 1398, 1404, 1438, 1437, 1000, 1517, 420, 270, 269, 531, 530, 545, 548, 638, 637, 636, 463, 462, 625, 626, 922, 921, 920, 691, 919, 62, 133, 120, 1559, 1558]
[561, 560, 559, 126, 127, 119, 120, 1559, 1560]
[182, 340, 1358, 1300, 1286, 1357, 930, 1111, 1112, 1355, 857, 227, 226, 1309, 886, 872, 409, 410, 211, 212, 239, 398, 411, 412, 413, 414, 415, 416, 204, 205, 811, 1404, 1002, 1003, 1397, 1387, 1388, 777, 808, 767, 765, 814, 1584, 1534]
[409, 410, 776, 855, 856, 864, 643, 400, 229, 401, 402, 403, 589, 588, 912, 913, 914, 93, 73, 1125, 1126, 1193, 1196, 1374, 1372, 309, 517, 1371, 1172]
[753, 752, 751, 750, 749, 1643, 1644, 1202, 509, 747, 748, 661, 577, 258, 257, 851, 852, 85, 42, 37, 36, 56, 55, 57, 102, 946, 142, 143, 115, 1189, 935, 936, 937, 1594, 1595, 1596, 1620, 1586, 1587, 1575, 1576, 1588, 1589, 1590, 1609, 1613, 1591]
[253, 252, 677, 678, 679, 680, 681, 881, 882, 877, 1426, 1689, 1272, 1273, 1274]
[317, 316, 315, 314, 313, 1045, 1044, 1041, 1195, 1196, 1127, 1128, 1129, 730, 729, 728, 700, 726, 727, 657, 658, 659, 660, 507, 661, 662, 1480, 1555, 1024, 1023, 1022, 1021, 284, 285, 22, 23, 24, 4, 298, 297, 1510, 1511, 1504, 1503]
[293, 1011, 1012, 1013, 1014, 1227, 1228, 527, 827, 1229, 1230, 1091, 1090, 1084, 1072, 1240, 1661, 1456, 754, 726, 841, 1473, 952, 1175, 1369, 1368, 1636, 1247, 974, 1637, 1032, 1031, 1053]
[430, 431, 432, 232, 1136, 1135, 1134, 1133, 960, 911, 912, 913, 1345, 1346, 265, 89, 90, 91, 92, 83, 1255, 1192, 1126, 1193, 1196, 1374, 1373, 1040, 1039, 311, 312, 332, 1046, 1531, 1459, 1237]
[256, 255, 675, 170, 171, 172, 173, 174, 175, 176, 177, 178, 179, 180, 181, 341, 1353, 1299, 1300, 1286, 1357, 930, 321, 320, 319, 318, 861, 326, 327, 328, 329, 330, 331, 332, 333, 334, 310, 1634]
[173, 348, 1320, 1295, 1296, 428, 427, 868, 869, 870, 871, 407, 408, 543, 542, 541, 410, 776, 855, 856, 644, 227, 228, 229, 401, 402, 403, 589, 911, 960, 959, 1284, 1171, 904, 980, 1170, 934, 1180, 794, 576, 1181]
[619, 620, 441, 1093, 526, 527, 827, 1229, 1502, 1639, 1640, 1641, 1657, 1454, 1658, 750, 751, 752, 1087]
[786, 271, 1517, 1000, 1001, 1438, 1404, 1398, 810, 809, 207, 1385, 1384, 985, 898, 1383, 1424, 798, 669, 642, 585, 664, 430, 431, 432, 232, 1136, 907, 908, 909, 910, 911, 589, 403, 404, 405, 587, 913, 1345, 1346, 265, 266, 654, 92, 83, 73, 1125, 1349, 1193, 1194, 1042, 1043, 486, 485, 314, 315, 316, 317, 318, 861, 859]
[63, 558, 557, 552, 546, 547, 548, 545, 530, 531, 269, 532, 533, 534, 363, 203, 535, 536, 537, 1260, 1264, 1707, 1720, 613, 614, 615, 616, 1121]
[590, 589, 911, 960, 1132, 957, 958, 931, 905, 906, 1066, 261, 260, 159, 160, 95, 96, 660, 507, 508, 509, 510, 746, 1709]
[3, 4, 24, 23, 288, 287, 286, 285, 1207, 1206, 1102, 1023, 1101, 1555, 1480, 662, 661, 577, 258, 259, 260, 1078, 979, 932, 905, 904, 903, 902, 1571, 1416, 1446, 665, 406, 386, 385, 384, 383, 387, 232, 231, 230, 594, 400, 643, 644, 856, 872, 886, 408, 884, 883, 882, 881, 1314, 1323, 1117, 925]
[98, 97, 96, 159, 160, 161, 162, 88, 89, 265, 266, 654, 1130, 914, 913, 912, 911, 589, 590, 402, 401, 229, 228, 227, 226, 645, 1309, 1310, 1311, 1690]
[750, 749, 1643, 510, 746, 1709, 1482, 1481, 1717, 1205, 1102, 1023, 1022, 1021, 284, 21, 20, 19, 76, 18, 17, 10, 9, 11, 31, 32, 60, 33, 279, 1182, 1183]
[737, 840, 841, 1472, 1073, 1072, 1071, 1085, 1489, 1455, 751, 750, 749, 511, 510, 746, 747, 1203]
[291, 1509, 1508, 1714, 1108, 1013, 1014, 1227, 1228, 527, 526, 828, 1092, 1091, 1090, 1084, 1083, 1073, 1472, 841, 1473, 952, 953, 954]
[540, 411, 1324, 1328, 1337, 1342, 1329, 1336, 664, 585, 385, 65, 66, 264, 265, 266, 654, 92, 83, 73, 1125, 1126, 1127, 1128, 1129]
[785, 784, 783, 782, 1389, 477, 814, 1584, 1626, 1608, 1592, 1593, 1627, 1628, 1629]
[254, 351, 676, 1321, 1313, 1294, 1304, 924, 925, 1117, 1323, 1351, 1352, 423, 407, 1309, 886, 872]
[420, 1517, 1523, 272, 273, 274, 1396, 1388, 777, 778, 779, 807, 1005, 1006, 1420, 1440, 803, 802, 576, 575, 577, 258, 157, 98, 97, 507, 508, 1027, 1202, 1644, 1643, 1659, 750, 751, 752, 753, 1070, 1456, 754, 726, 841, 1473, 952, 1175]
[794, 793, 792, 1364, 1363, 1569, 1418]
[663, 662, 661, 507, 508, 1027, 1028, 1029, 1088, 1068, 1199, 1543, 754, 726, 700, 728, 1436, 1376, 1198, 1197, 1127, 1196, 1195, 1041, 1044, 1045, 313, 314, 315, 316, 317, 318, 861]
[620, 441, 1093, 1228, 1495, 1494, 1483, 723, 1482, 1709, 1710, 1203, 747, 748, 661, 577, 575, 576, 794, 1180, 934, 1170, 1363, 981, 982, 983, 901, 900, 899, 666, 665, 798, 669, 642, 585, 664, 1336, 1335, 1334, 1333, 390, 391, 1702]
[65, 385, 386, 406, 665, 1446, 1445, 900, 984, 1444, 1418, 1419, 1443, 789, 805, 801, 781, 780, 1386, 1398, 1404, 1002, 1001, 1000, 419, 420, 270, 269, 531, 530, 545, 548, 547, 564, 641, 635, 624, 625, 923, 922, 1061, 1215, 1214, 1219, 693, 119, 1560, 1559, 1565]
[322, 1357, 930, 1111, 858, 862, 863, 228, 229, 230, 594, 433, 432, 232, 387, 383, 384, 385, 386, 406, 669, 798, 797, 796, 795, 787, 208, 781, 780, 779, 778, 1387, 1388, 275, 782, 1389, 477, 476, 815, 1626, 1591, 1592, 1609, 1613, 1599, 1600, 1614, 1615, 1616, 1605]
[789, 1443, 800, 668, 795, 796, 797, 798, 665, 406, 386, 385, 384, 664, 1336, 1335, 1330, 1694, 1693, 1698, 1340, 1341, 1338, 1692, 1327, 397, 398, 240, 239, 212, 213, 775, 1680, 873, 885, 884, 875, 876, 877, 1426, 1315, 683, 682, 681, 249, 880, 1269, 1268, 1267]
[518, 1129, 1253, 1436, 699, 656, 657, 82, 94, 161, 262, 261, 260, 1078, 979, 982, 1570, 1569, 1363]
[414, 537, 1260, 1264, 1707, 1720, 613, 618, 1119]
[734, 1079, 1654, 1653, 1242, 963, 1652, 1651, 1471, 1650, 1469, 1091, 1090, 1084, 1072, 990, 1071, 1661, 1456, 754, 1543, 1199, 1030, 1029, 1089, 660, 159, 160, 261, 1066, 906, 905, 904, 1171, 1284, 959, 960, 911, 910, 909, 908, 593, 230, 229, 228, 227, 226, 1309, 407, 423, 1352, 1351, 1116, 926]
[522, 523, 833, 832, 831, 830, 829, 828, 826, 516, 515, 514, 513, 839, 725, 746, 747, 748, 661, 507, 660, 159, 160, 261, 1066, 906, 905, 904]
[262, 1691, 1706, 1415, 896, 897, 898, 1383]
[280, 34, 59, 60, 367, 1009, 1181, 1420, 804, 803, 802, 793, 1169, 1180, 934, 933, 932, 905, 906, 1066, 261, 262, 161, 162, 82, 657, 656, 655, 1350, 1191, 1192, 1126, 1193, 1196, 1374]
[299, 300, 287, 1676, 1712, 1104, 1711, 1717, 1024, 1025, 1026, 748, 508, 1027, 1028, 1029]
[117, 39, 38, 41, 100, 165, 164, 854, 1283, 1100, 1101, 1023, 1102, 1206, 1715, 1712, 1676, 719, 1677, 1506]
[410, 211, 212, 239, 398, 397, 1326, 1327]
[240, 241, 242, 243, 399, 400, 594, 433, 231, 907, 908, 909, 910, 911, 912, 913, 1345, 1346, 265, 89, 88, 162, 161, 160, 95, 659, 658, 1664, 1030, 1029, 1028, 1027, 508, 748, 1026, 1025, 1204, 1481, 1482, 723, 1483, 1494, 1106, 1507, 1508, 1714, 1678, 1011]
[658, 657, 727, 699, 1436, 1253, 1254, 1128, 1375, 1374, 1373]
[589, 911, 960, 959, 1284, 1171, 904, 903, 981, 982, 983, 1417, 1418, 1419, 790, 789, 805, 1439, 1005, 1442, 812, 369, 1584, 814, 477, 476, 475, 1168, 1160, 1159]
[449, 845, 846, 824, 466, 847, 848, 849, 1518, 1512, 1567, 573, 1226, 1095, 697, 696, 191, 1142, 1141, 1565]
[732, 1463, 1465, 1243, 962, 1466, 1467, 1468, 1469, 1091, 1230, 1655, 1656, 1657, 1454, 1658, 750, 749, 511, 510, 746, 1709, 1710, 1481, 1204, 1025, 1480, 1555, 1101, 1100, 1283, 854, 165, 164, 86, 852, 1099, 1010, 1009, 367, 60, 33, 34, 280, 942, 1612, 1572, 1579, 1611, 1610, 1534, 1584, 814, 815, 816]
[742, 741, 1179, 1178, 948, 949, 950, 951, 952, 1473, 999, 1234, 1461, 1662, 799, 519, 729, 730, 1129, 1128, 1127, 1126, 1125, 73, 83, 92, 654, 1130, 1131, 1132, 912, 911, 960, 959, 1284, 1171, 904, 903, 981]
[134, 118, 117, 116, 115, 143, 145, 146, 147, 1544, 1545, 605, 604, 846]
[478, 477, 476, 475, 474, 473, 818]
[189, 190, 697, 1096, 1142, 1556, 1560, 119, 127, 557, 558, 553, 551, 550, 549, 544, 422, 421, 786, 271, 1517, 1000, 1437, 452, 417, 204, 203, 535, 536, 537, 1260, 1261, 1265, 1257, 1256]
[675, 170, 171, 172, 173, 348, 347, 1682, 1319, 1296, 1302, 1361, 426, 869, 870, 871, 1114, 1690, 1311, 1310, 646, 645, 226, 227, 857, 863, 862, 318, 861, 326, 327, 328, 329, 330, 1527, 1531, 331, 332, 333, 334, 1373, 1374, 1375, 1128, 1254, 1197, 1198, 1191, 1350, 655, 656, 657, 658, 659, 95, 96, 660, 507, 508, 1027, 1028, 1029, 1089]
[138, 137, 136, 135, 134, 118, 117, 39, 38, 41, 100, 165, 164, 86, 852, 1099, 1010, 1009, 944, 1008, 1441, 1440, 1420, 1439, 806, 780, 781, 809, 810, 811, 205, 1403, 1402, 987, 988, 416, 535, 536, 537, 1260, 670, 538, 539, 540, 239, 212, 213, 214, 773, 1428, 1427, 1273]
[32, 31, 11, 9, 10, 17, 18, 76, 19, 20, 21, 22, 285, 1207, 1674, 1673]
[389, 388, 594, 433, 432, 232, 387, 383, 384, 385, 386, 406, 665, 666, 667, 984, 1444, 1443, 1419, 790, 791, 792, 793, 802, 945]
[768, 1433, 1145, 1144, 1138, 1139, 1566, 1565, 1556, 192, 193, 694, 693, 119, 127, 557, 558, 553, 551, 550, 549, 544, 422, 421, 786, 785, 272, 1523, 1001, 1438, 1404, 1398, 1386, 809, 781, 801, 805, 789, 1443, 1419, 1568, 1569]
[599, 600, 1519, 1520, 154, 104, 105, 106, 107, 108, 470, 821, 1449, 1450, 1451, 1599, 1613, 1609, 1590, 1589, 1588, 1576, 1575, 1587, 1630, 1631, 1581, 1580, 941, 1183, 1182, 279, 280, 34, 59, 366, 367, 1009, 1181, 576, 575, 577, 258, 259, 158, 159, 160, 161, 162, 82, 657, 727, 726, 841, 840, 1666, 1245, 977]
[439, 1526, 1510, 1505, 298, 4, 24, 23, 288, 719, 720, 1712, 1104, 1711, 1717, 1024, 1025, 1026, 748, 661, 507, 97, 158, 259, 260, 1078, 979, 982, 983, 901, 1416, 1446, 665, 406, 386, 385, 384, 383, 387, 232, 432, 433, 594, 400, 229, 228, 227, 226, 1309, 407, 423, 1352, 1351, 1323, 1314, 1118, 924, 1304, 1294, 1313, 1321, 350, 351, 170, 675, 255, 1708, 1318]
[469, 150, 108, 107, 1146, 1147, 1158, 1161, 1167, 1168, 475, 476, 477, 478, 766, 767, 808, 807, 806, 1439, 805, 789, 790, 791, 1568, 1364, 1169, 1170]
[456, 1645, 1646, 1563, 200, 199, 690, 1537, 459, 628, 627, 626, 625, 462, 463, 636, 637, 638, 548, 545, 530, 531, 421, 786, 271, 1517, 1523, 1405, 1002, 1003, 1004, 779, 780, 806, 1439, 805, 804, 790, 791, 1568, 1364, 1169, 1170, 980, 904, 905, 906, 1066, 261, 262, 161, 162, 82, 81, 80, 79, 78, 84, 83, 1255, 1125]
[408, 409, 410, 211, 240, 398, 411, 412, 413, 669, 798, 797, 796, 985, 1384, 1385, 207, 208, 781, 780, 779, 778, 777, 1388, 275, 274, 783, 1395, 1406, 1407]
[34, 33, 60, 367, 1009, 1181, 945, 802, 803, 804, 790, 1419, 1418, 1417, 1570, 982, 902, 901, 1416, 1571, 1362, 1706, 1691, 262, 161, 94, 658, 657, 727, 699, 700, 728, 729, 730, 308, 309, 310, 311, 312, 332, 331, 1531, 1459, 1458, 1238, 1239]
[492, 976, 1176, 1175, 1369, 997, 1235, 1370, 1371, 1635]
[547, 548, 545, 530, 531, 269, 532, 533, 534, 363, 203, 535, 416, 988, 987, 896, 1414, 1423]
[424, 423, 407, 1309, 886, 872, 409, 410, 211, 212, 239, 398, 411, 412, 413, 669, 798, 665, 666, 797, 796, 795, 787, 208, 781, 801, 806, 807, 808, 767, 765, 814, 1584, 1626, 1608, 1583, 1582, 1578, 1577, 1574, 1630]
[655, 1350, 1191, 1198, 1376, 1436, 1253, 729, 519, 956, 955, 1461]
[142, 143, 144, 114, 935, 936, 937, 938, 939, 940, 941, 942, 280, 279, 33, 60, 59, 366, 943, 944, 945, 802, 793, 1169, 1364, 1363, 981, 980, 904]
[793, 792, 1364, 1568, 1419, 1443, 800, 787, 1385, 1399, 1403, 205, 204, 203, 363, 534, 533, 532, 269, 531, 530, 545, 548, 638, 637, 636, 463, 462, 461, 460, 459, 458, 629, 197, 630, 631, 918, 917, 916, 915]
[490, 744, 743, 1484, 1053, 1052, 1032, 973, 1033, 1247, 1636, 1474, 996, 1460, 1635, 334, 310, 311, 1039, 1040, 1041, 1195, 1196, 1193, 1349, 1125, 73, 93, 914, 913, 912, 911, 910, 909, 908, 593, 230, 594, 400, 399, 243, 242, 393, 394, 1339]
[44, 72, 73, 83, 1255, 1192, 1197, 1254, 1376, 1436, 699, 727, 726, 754, 1456, 1661, 991, 1240]
[158, 259, 506, 578, 794, 1180, 934, 1170, 980, 932, 905, 904, 903, 902, 901, 900, 1445]
[639, 640, 1153, 1154, 1163, 1162, 1157, 1148, 105, 106, 107, 151, 1391, 1392, 468, 823, 1548]
[254, 253, 252, 251, 250, 249, 880, 879, 1270, 1276]
[272, 271, 786, 421, 531, 530, 545, 548, 638, 637, 636, 463, 462, 625, 923, 1216, 1061, 1060, 1218, 1541, 1536]
[589, 911, 912, 1132, 957, 958, 931, 905, 932, 933, 934, 1180, 1169, 793, 802, 945, 944, 943, 366, 367, 60, 33, 30, 14, 13, 12, 16, 15, 77, 29, 28, 8, 7, 303, 1020, 1019]
[155, 103, 104, 105, 106, 107, 1146, 472, 819, 818, 1154, 1155, 1164, 1515, 1521, 1522, 1406, 1395, 1389, 477, 478, 765, 767, 808, 807, 779, 780, 806, 1439, 1420, 1440, 1007, 1008, 944, 945, 802, 793, 794, 578, 506, 259, 158, 157, 98, 661, 507, 508, 509, 747, 746, 1709, 1482, 723, 722, 721, 1105, 1106, 1507, 1508, 1714, 1012, 1011, 1233, 1679]
[779, 807, 1005, 1439, 1420, 1440, 803, 802, 576, 794, 578, 506, 259, 158, 97, 507, 508, 509, 510, 511, 512, 513, 839, 1494]
[106, 1147, 1148, 1149, 1156, 1163, 1165, 1521, 1522, 785, 784, 273, 1405, 1002, 1404, 811, 205, 1403, 1402, 987, 986, 985, 1384, 795, 796, 797, 898, 1383]
[169, 254, 351, 350, 1321, 1293, 1305, 1304, 924, 1118, 1314, 881, 882, 883, 884, 885, 543, 408, 409, 410, 211, 240, 241, 242, 393, 392, 1701, 1702, 1699, 1331, 1330, 1329, 1336, 664, 585, 642, 669, 406, 665, 1446, 1416, 1571, 1362, 903, 981, 1363, 1170, 934, 1180, 794, 578, 506, 259, 158, 157, 98, 661, 662, 1480, 1025, 1024]
[160, 159, 158, 157, 98, 661, 662, 1480, 1025, 1204, 1203, 1710, 1709, 724, 723, 1483, 1494, 1106, 1107, 1495, 1228, 527, 526, 525, 830, 1470, 1500, 1499]
[215, 214, 213, 212, 211, 210, 860, 864, 643, 228, 229, 401, 402, 403, 404, 405, 587, 913, 914, 93, 73, 83, 1255, 1125, 1126, 1127, 1128, 1129, 730, 518, 517, 1371, 1370, 1173, 1174, 998, 953, 952, 951]
[199, 690, 1537, 459, 460, 461, 462, 463, 636, 637, 638, 548, 545, 530, 531, 269, 532, 533, 419, 1000, 1001, 1002, 1003, 1398, 1386, 809, 207, 208, 787, 800, 1443, 1444, 984, 983, 901, 1416, 1571, 1362, 1706, 1415, 1414, 1423, 1422, 1425, 1424, 798, 669, 406, 68, 67, 263, 264, 265, 1346]
[104, 1149, 1150, 1155, 1164, 1515, 1516, 786, 271, 1517, 1523, 1001, 1438, 1404, 811, 205, 1403, 1399, 1400, 986, 985, 796, 797, 798, 669, 642, 585, 385, 384, 383, 387, 232, 231, 230, 229, 228, 227, 226, 1309, 407, 871, 1114]
[10, 9, 11, 31, 32, 60, 367, 1009, 944]
[736, 1670, 1668, 1241, 966, 965, 1074, 1073, 1072, 1084, 989, 1085, 1086, 702, 752, 1087, 1088, 1029, 1089, 660, 159, 260, 1078, 979, 982, 983, 667, 666, 797, 898, 897, 896, 895, 894, 1378, 414, 537, 1260, 1264, 1707, 1720, 613, 614, 617, 1120]
[717, 718, 299, 5, 23, 288, 287, 1676, 1712, 1104, 1711, 722, 723, 1483, 1494, 839, 513, 514, 1641, 1657, 1656, 1655]
[485, 486, 1043, 1042, 1194, 1193, 1126, 1125, 1255, 83, 92, 654, 266, 265, 1346, 1345, 1704, 1705, 1412, 1411, 1410, 1413, 1134, 1135, 1136, 232, 432, 431, 430, 664, 1336, 1335, 1334, 1331, 1699, 1702, 1701, 392, 393, 242, 241, 240, 211, 410, 541, 542, 543, 885, 884, 883, 882, 881, 1314, 1118, 924]
[174, 347, 1682, 1319, 429, 428, 867, 868, 869, 870, 871, 407, 408, 543, 885, 884]
[53, 45, 46, 47, 43, 44, 72, 73, 83, 84, 78, 79, 90, 89, 88, 81, 82, 94, 161, 160, 159, 158, 157, 156, 87, 86, 85, 42, 37, 36, 56, 55, 57, 102, 946, 142, 143, 145, 113, 1602, 1606, 1597, 1605, 1616, 1615]
[457, 1564, 1563, 200, 689, 690, 1537, 1540, 1062, 461, 462, 625, 624, 635, 641, 564, 547, 548, 545, 530, 531, 269, 270, 420, 419, 1000, 1001, 1002, 1003, 1398, 1386, 809, 207, 208, 787, 795, 668, 1444, 984, 900, 901, 1416, 1571, 902, 903, 981]
[431, 430, 664, 585, 412, 539, 538, 537, 536, 535, 203, 204, 417, 418, 419, 420, 1517, 1523, 272, 273, 784, 783, 1395, 1389, 1390, 476, 475, 474, 473, 472, 819, 820, 1450]
[32, 60, 367, 366, 943, 944, 1008, 1441, 1440, 803, 804, 805, 801, 788, 800, 787, 1385]
[242, 243, 399, 400, 594, 433, 231, 232, 387, 383, 384, 385, 386, 406, 665, 666, 667, 668, 800, 788, 789, 805, 1439, 1420]
[751, 750, 1658, 1454, 1657, 1489, 1490, 1649, 1231, 1090, 1084, 1083]
[343, 651, 650, 649, 648, 223, 928, 929, 1112, 1355, 857, 863, 228, 229, 401, 402, 403, 404, 405, 587, 913, 914, 93, 73, 1125, 1255, 1192, 1197, 1254, 1128, 1127, 1196, 1374, 1372, 309, 517, 1371]
[351, 676, 677, 678, 679, 680, 681, 682, 683, 247, 246, 686, 687, 688, 772, 215, 214, 213, 212, 239, 540, 539, 538, 537, 536, 535, 203, 204, 417, 418, 419, 420, 270, 421, 422, 544, 549, 548, 547, 564, 641, 635, 624, 625, 923, 1216, 1217, 1060, 1218, 1541, 1542, 695, 1556, 1142]
[160, 95, 94, 658, 657, 727, 699, 1436, 728, 799, 519, 956, 1662]
[49, 48, 74, 75, 93, 914, 1130, 1131, 1132, 960, 1133, 910, 909, 908, 907, 231, 433, 594, 388, 389, 390, 391, 392, 393, 394, 395, 396, 397, 398, 240, 211, 212, 541, 542, 873, 874, 875, 876, 1427]
[89, 80, 81, 82, 94, 95, 659, 660, 507, 508, 748, 747, 1203, 1710, 1481, 1482, 1711, 1104, 721, 1105, 1716, 1507, 1506, 1509]
[116, 56, 36, 37, 42, 85, 86, 87, 156, 157, 158, 159, 160, 161, 162, 88, 81, 80, 655, 1350, 1255, 1125, 1349, 1193, 1194, 1042, 1041, 1044, 1045, 313, 314, 315, 316, 317, 318, 319, 320, 321, 930, 1357, 1286, 1300, 324, 888, 887]
[232, 1136, 1135, 1134, 1133, 960, 959, 1284, 1171, 904, 905, 906, 1066, 261, 260, 259, 158, 157, 98, 661, 507, 508, 1027, 1028, 1491]
[655, 656, 81, 88, 264, 66, 65, 385, 384, 664, 1336, 1335, 1330, 1694, 1693, 1341, 1692, 1327, 397, 398, 239, 540, 539, 538, 537, 1260, 1264, 1263, 1262, 1256]
[585, 385, 65, 66, 264, 265, 1346, 1130, 654, 92, 83, 1255, 1192, 1191, 1198, 1197, 1254, 1253, 1129, 730, 518, 517, 1371, 1370, 1460, 1236, 996, 995, 1475, 1530, 1528, 1249]
[673, 167, 168, 169, 170, 171, 172, 349, 1313, 1294, 1295]
[461, 462, 463, 636, 637, 638, 548, 545, 530, 531, 421, 270, 420, 1517, 1000, 1437, 452, 417, 204, 416, 988, 987, 896, 897, 898, 797, 798, 669, 642, 585, 664, 430, 431, 432, 232, 1136]
[299, 5, 6, 7, 21, 284, 285, 1207, 1206, 1102, 1103, 1717, 1481, 1710, 1203, 1026, 748, 508, 509, 510, 1643, 749, 1642, 1453, 1454, 1455, 1086, 1070, 1456]
